
3
7
0.695692302 0.780469551 0.793286864
0.785480299 0.790931492 0.776197530
0.868729310 0.791199141 0.756219530
0.944044033 0.782008686 0.736166689
1.008789044 0.770063749 0.717855604
1.062176737 0.752845198 0.700228121
1.105367465 0.736092842 0.685809016
1 0.943804104 0.919887076
1 0.791027722 0.788286368
1 0.760074797 0.856175719
1 0.683595483 0.759648587
1 0.823589497 0.892634750
1 0.799191262 0.860624538
0.929761080 0.825496549 1
1.46323095 -0.721939682 -0.305994888
-1.272312374 -0.662013114 -0.287649248
-1.207282583 -0.617224037 -0.266202903
-1.163960898 -0.576112689 -0.24190711
-1.132449255 -0.535046912 -0.213165041
-1.110707198 -0.494485147 -0.184534599
-1.092253611 -0.452135320 -0.157502466